# Game Level Exporter v1.0
LIGHT
Light
<Matrix 4x4 (-0.2909, -0.0552,  0.9552, 0.0000)
            (-0.7711,  0.6045, -0.1999, 0.0000)
            (-0.5664, -0.7947, -0.2184, 0.0000)
            ( 4.0762,  5.9039,  1.0055, 1.0000)>
CAMERA
Camera
<Matrix 4x4 ( 0.9696,  0.0000,  0.2447, 0.0000)
            (-0.1089,  0.8954,  0.4317, 0.0000)
            (-0.2191, -0.4453,  0.8682, 0.0000)
            ( 4.4685,  4.5763, -8.4825, 1.0000)>
MESH
Plane
<Matrix 4x4 (3.0000,  0.0000, 0.0000, 0.0000)
            (0.0000,  0.0000, 3.0000, 0.0000)
            (0.0000, -3.0000, 0.0000, 0.0000)
            (0.0000,  0.0000, 0.0000, 1.0000)>
MESH
Bookshelf_Cube.021
<Matrix 4x4 ( 0.5563, 0.0000,  0.0000, 0.0000)
            ( 0.0000, 0.4000, -0.0000, 0.0000)
            ( 0.0000, 0.0000,  0.4000, 0.0000)
            (-2.3634, 0.0000,  2.8417, 1.0000)>
MESH
Bookshelf_Cube.001
<Matrix 4x4 ( 0.4000, 0.0000,  0.0000, 0.0000)
            ( 0.0000, 0.4000, -0.0000, 0.0000)
            ( 0.0000, 0.0000,  0.4000, 0.0000)
            (-1.3285, 0.0000,  2.8417, 1.0000)>
MESH
Bookshelf_Cube.002
<Matrix 4x4 ( 0.4000, 0.0000,  0.0000, 0.0000)
            ( 0.0000, 0.4000, -0.0000, 0.0000)
            ( 0.0000, 0.0000,  0.4000, 0.0000)
            (-0.4106, 0.0000,  2.8417, 1.0000)>
MESH
Couch_Large1_Cube.030
<Matrix 4x4 ( 0.3999, 0.0000,  0.0070, 0.0000)
            ( 0.0000, 0.4000, -0.0000, 0.0000)
            (-0.0070, 0.0000,  0.3999, 0.0000)
            (-1.5458, 0.0000,  1.6409, 1.0000)>
MESH
Bookshelf_Cube.003
<Matrix 4x4 (0.4000, 0.0000,  0.0000, 0.0000)
            (0.0000, 0.4000, -0.0000, 0.0000)
            (0.0000, 0.0000,  0.4000, 0.0000)
            (0.4965, 0.0000,  2.8417, 1.0000)>
MESH
Bookshelf_Cube.004
<Matrix 4x4 (0.4000, 0.0000,  0.0000, 0.0000)
            (0.0000, 0.4000, -0.0000, 0.0000)
            (0.0000, 0.0000,  0.4000, 0.0000)
            (1.4034, 0.0000,  2.8417, 1.0000)>
MESH
Bookshelf_Cube.005
<Matrix 4x4 (0.4753, 0.0000,  0.0000, 0.0000)
            (0.0000, 0.4000, -0.0000, 0.0000)
            (0.0000, 0.0000,  0.4000, 0.0000)
            (2.4122, 0.0000,  2.8417, 1.0000)>
MESH
Couch_Large1_Cube.001
<Matrix 4x4 ( 0.3999, 0.0000,  0.0070, 0.0000)
            ( 0.0000, 0.4000, -0.0000, 0.0000)
            (-0.0070, 0.0000,  0.3999, 0.0000)
            ( 1.3999, 0.0000,  1.6673, 1.0000)>
MESH
Curtains_Double_Cylinder.032
<Matrix 4x4 (-0.0102, 0.0000,  0.3999, 0.0000)
            ( 0.0000, 0.4000,  0.0000, 0.0000)
            (-0.3999, 0.0000, -0.0102, 0.0000)
            (-2.9141, 0.8047, -1.4397, 1.0000)>
MESH
Plane.001
<Matrix 4x4 (-0.0000, -3.0000, 0.0000, 0.0000)
            ( 0.0000,  0.0000, 3.0000, 0.0000)
            (-3.0000,  0.0000, 0.0000, 0.0000)
            (-3.0602,  0.0000, 0.0000, 1.0000)>
MESH
Door_8_Cube.056
<Matrix 4x4 (0.4000, 0.0000,  0.0000, 0.0000)
            (0.0000, 0.4000, -0.0000, 0.0000)
            (0.0000, 0.0000,  0.4000, 0.0000)
            (2.9599, 0.0000, -2.9687, 1.0000)>
MESH
Plane.002
<Matrix 4x4 (-0.0000, -3.0000, 0.0000, 0.0000)
            ( 0.0000,  0.0000, 3.0000, 0.0000)
            (-3.0000,  0.0000, 0.0000, 0.0000)
            ( 2.9803,  0.0000, 0.0000, 1.0000)>
MESH
Plane.003
<Matrix 4x4 ( 0.0000, -3.0000,  0.0000, 0.0000)
            ( 3.0000,  0.0000, -0.0000, 0.0000)
            ( 0.0000,  0.0000,  3.0000, 0.0000)
            (-0.0370,  0.0000,  3.0258, 1.0000)>
MESH
Bathroom_Mirror1_Cube.018
<Matrix 4x4 (-0.0000, 0.0000,  1.0000, 0.0000)
            ( 0.0000, 1.0000,  0.0000, 0.0000)
            (-1.0000, 0.0000, -0.0000, 0.0000)
            (-2.9893, 1.6668, -1.4753, 1.0000)>
MESH
Bathroom_Mirror2_Cylinder.025
<Matrix 4x4 ( 1.0000, 0.0000,  0.0000, 0.0000)
            ( 0.0000, 1.0000, -0.0000, 0.0000)
            ( 0.0000, 0.0000,  1.0000, 0.0000)
            (-2.2717, 2.3495,  2.9286, 1.0000)>
MESH
Bathroom_Mirror2_Cylinder.001
<Matrix 4x4 ( 1.0000, 0.0000,  0.0000, 0.0000)
            ( 0.0000, 1.0000, -0.0000, 0.0000)
            ( 0.0000, 0.0000,  1.0000, 0.0000)
            (-1.2900, 2.3495,  2.9286, 1.0000)>
MESH
Bathroom_Mirror2_Cylinder.002
<Matrix 4x4 ( 1.0000, 0.0000,  0.0000, 0.0000)
            ( 0.0000, 1.0000, -0.0000, 0.0000)
            ( 0.0000, 0.0000,  1.0000, 0.0000)
            (-0.3729, 2.3495,  2.9286, 1.0000)>
MESH
Bathroom_Mirror2_Cylinder.003
<Matrix 4x4 (1.0000, 0.0000,  0.0000, 0.0000)
            (0.0000, 1.0000, -0.0000, 0.0000)
            (0.0000, 0.0000,  1.0000, 0.0000)
            (0.5146, 2.3495,  2.9286, 1.0000)>
MESH
Bathroom_Mirror2_Cylinder.004
<Matrix 4x4 (1.0000, 0.0000,  0.0000, 0.0000)
            (0.0000, 1.0000, -0.0000, 0.0000)
            (0.0000, 0.0000,  1.0000, 0.0000)
            (1.3549, 2.3495,  2.9286, 1.0000)>
MESH
Bathroom_Mirror2_Cylinder.005
<Matrix 4x4 (1.0000, 0.0000,  0.0000, 0.0000)
            (0.0000, 1.0000, -0.0000, 0.0000)
            (0.0000, 0.0000,  1.0000, 0.0000)
            (2.2793, 2.3495,  2.9286, 1.0000)>
MESH
Houseplant_2_Cylinder.021
<Matrix 4x4 ( 0.6000, 0.0000,  0.0000, 0.0000)
            ( 0.0000, 0.6000, -0.0000, 0.0000)
            ( 0.0000, 0.0000,  0.6000, 0.0000)
            (-2.0228, 0.5331, -0.7704, 1.0000)>
MESH
Drawer_1_Cube.051
<Matrix 4x4 ( 0.6000, 0.0000,  0.0000, 0.0000)
            ( 0.0000, 0.4000, -0.0000, 0.0000)
            ( 0.0000, 0.0000,  0.4000, 0.0000)
            (-1.4144, 0.0000, -0.7540, 1.0000)>
MESH
Houseplant_2_Cylinder.001
<Matrix 4x4 ( 0.6000, 0.0000,  0.0000, 0.0000)
            ( 0.0000, 0.6000, -0.0000, 0.0000)
            ( 0.0000, 0.0000,  0.6000, 0.0000)
            (-1.7561, 0.5331, -0.7704, 1.0000)>
MESH
Houseplant_2_Cylinder.002
<Matrix 4x4 ( 0.6000, 0.0000,  0.0000, 0.0000)
            ( 0.0000, 0.6000, -0.0000, 0.0000)
            ( 0.0000, 0.0000,  0.6000, 0.0000)
            (-1.4664, 0.5331, -0.7704, 1.0000)>
MESH
Houseplant_2_Cylinder.003
<Matrix 4x4 ( 0.6000, 0.0000,  0.0000, 0.0000)
            ( 0.0000, 0.6000, -0.0000, 0.0000)
            ( 0.0000, 0.0000,  0.6000, 0.0000)
            (-1.1699, 0.5331, -0.7704, 1.0000)>
MESH
Houseplant_2_Cylinder.004
<Matrix 4x4 ( 0.6000, 0.0000,  0.0000, 0.0000)
            ( 0.0000, 0.6000, -0.0000, 0.0000)
            ( 0.0000, 0.0000,  0.6000, 0.0000)
            (-0.8334, 0.5331, -0.7704, 1.0000)>
MESH
Houseplant_2_Cylinder.005
<Matrix 4x4 (0.6000, 0.0000,  0.0000, 0.0000)
            (0.0000, 0.6000, -0.0000, 0.0000)
            (0.0000, 0.0000,  0.6000, 0.0000)
            (0.7501, 0.5331, -0.7704, 1.0000)>
MESH
Houseplant_2_Cylinder.006
<Matrix 4x4 (0.6000, 0.0000,  0.0000, 0.0000)
            (0.0000, 0.6000, -0.0000, 0.0000)
            (0.0000, 0.0000,  0.6000, 0.0000)
            (1.9395, 0.5331, -0.7704, 1.0000)>
MESH
Houseplant_2_Cylinder.007
<Matrix 4x4 (0.6000, 0.0000,  0.0000, 0.0000)
            (0.0000, 0.6000, -0.0000, 0.0000)
            (0.0000, 0.0000,  0.6000, 0.0000)
            (1.6031, 0.5331, -0.7704, 1.0000)>
MESH
Houseplant_2_Cylinder.008
<Matrix 4x4 (0.6000, 0.0000,  0.0000, 0.0000)
            (0.0000, 0.6000, -0.0000, 0.0000)
            (0.0000, 0.0000,  0.6000, 0.0000)
            (1.3066, 0.5331, -0.7704, 1.0000)>
MESH
Houseplant_2_Cylinder.009
<Matrix 4x4 (0.6000, 0.0000,  0.0000, 0.0000)
            (0.0000, 0.6000, -0.0000, 0.0000)
            (0.0000, 0.0000,  0.6000, 0.0000)
            (1.0168, 0.5331, -0.7704, 1.0000)>
MESH
Drawer_1_Cube.001
<Matrix 4x4 (0.6000, 0.0000,  0.0000, 0.0000)
            (0.0000, 0.4000, -0.0000, 0.0000)
            (0.0000, 0.0000,  0.4000, 0.0000)
            (1.3585, 0.0000, -0.7540, 1.0000)>
MESH
Table_RoundSmall_Cylinder.008
<Matrix 4x4 (0.4000, 0.0000,  0.0000, 0.0000)
            (0.0000, 0.4000, -0.0000, 0.0000)
            (0.0000, 0.0000,  0.4000, 0.0000)
            (0.0000, 0.0000,  0.1527, 1.0000)>
MESH
Trashcan_Small1_Cube.061
<Matrix 4x4 (-0.0000, 0.0000,  1.0000, 0.0000)
            ( 0.0000, 1.0000,  0.0000, 0.0000)
            (-1.0000, 0.0000, -0.0000, 0.0000)
            (-2.9132, 0.0000, -2.6995, 1.0000)>
MESH
Curtains_Double_Cylinder.001
<Matrix 4x4 (-0.0102, 0.0000,  0.3999, 0.0000)
            ( 0.0000, 0.4000,  0.0000, 0.0000)
            (-0.3999, 0.0000, -0.0102, 0.0000)
            (-2.9141, 0.8047,  1.0452, 1.0000)>
MESH
Bathroom_Mirror1_Cube.001
<Matrix 4x4 (-0.0000, 0.0000,  1.0000, 0.0000)
            ( 0.0000, 1.0000,  0.0000, 0.0000)
            (-1.0000, 0.0000, -0.0000, 0.0000)
            (-2.9893, 1.6668,  1.0097, 1.0000)>
